Modelo,Dataset,Acc,Prec,Rec,F1,Spec,MCC,AUC,Loss,EER,FPR@0.5,Time_ms,Params_M
XceptionNet,C23,0.8453159041394336,0.857592722183345,0.8260869565217391,0.8415450643776824,0.8643333333333333,0.6910213617771692,0.9282754746657678,0.3503566217448503,0.155,0.13566666666666666,8.608303937916782,20.81105
XceptionNet,C40,0.5844307384564094,0.5778323610684679,0.6273333333333333,0.6015662458046988,0.541513837945982,0.16947281565300135,0.6209173057685895,0.9662039374731158,0.41213737912637544,0.458486162054018,8.180724042398689,20.81105
XceptionNet,C0,0.949,0.9114233353695785,0.9946666666666667,0.9512272872170864,0.9033333333333333,0.9017690551482255,0.9985862222222222,0.11812042314868595,0.016,0.09666666666666666,8.162288626035053,20.81105
EfficientNet-B3,C23,0.8034188034188035,0.7666468489892985,0.8692281766093697,0.8147212130785026,0.7383333333333333,0.6125542757427525,0.8950977418267609,0.4303611997063717,0.18433333333333332,0.26166666666666666,6.8287454659123314,10.699306
EfficientNet-B3,C40,0.6037672945490915,0.58122555410691,0.743,0.6522311631309436,0.464488162720907,0.2160383605880668,0.6506777814827165,0.8187224401918044,0.39713237745915303,0.535511837279093,6.656516291813406,10.699306
EfficientNet-B3,C0,0.9126666666666666,0.853310502283105,0.9966666666666667,0.9194341943419434,0.8286666666666667,0.8372329289307917,0.9969408888888889,0.2092394280556795,0.025333333333333333,0.17133333333333334,6.677188436190288,10.699306
MesoInception-4,C23,0.6629797218032513,0.7313649564375605,0.5092686215032018,0.6004371150407312,0.815,0.3407777193716697,0.7342194135490395,0.613018959358218,0.3283333333333333,0.185,3.5211799011690768,1.261394
MesoInception-4,C40,0.6092682113685615,0.6109607577807848,0.602,0.6064472800537274,0.616538846282094,0.21856182842734453,0.66208036012004,0.6557111625791104,0.3901300433477826,0.38346115371790596,3.4474890954217465,1.261394
MesoInception-4,C0,0.7435,0.8057764755127669,0.6416666666666667,0.7144182594173316,0.8453333333333334,0.4974259028102278,0.8387952777777778,0.5220937217912648,0.25833333333333336,0.15466666666666667,3.4716373284657798,1.261394
ViT,C23,0.9083291436232612,0.9559155990957046,0.855072463768116,0.9026863547411492,0.961,0.8210827860804313,0.968668239523649,0.24604501555286376,0.085,0.039,8.887332029552022,85.800194
ViT,C40,0.6546091015169195,0.6707137601177336,0.6076666666666667,0.6376355369010144,0.701567189063021,0.3106047223877613,0.7079538735133933,0.8099365089189167,0.349783261087029,0.298432810936979,8.824284026216995,85.800194
ViT,C0,0.9883333333333333,0.9857427055702918,0.991,0.9883643617021277,0.9856666666666667,0.976680557333372,0.9988803333333334,0.07744144803842348,0.011333333333333334,0.014333333333333333,8.848515272140503,85.800194
